637 561 984 900 290 
844 314 374 894 140 
845 925 496 561 122 
471 121 654 928 123 
664 578 991 186 767 

Sorted: 
984 900 637 561 290 
140 314 374 844 894 
925 845 561 496 122 
121 123 471 654 928 
991 767 664 578 186 
